Traffic Loading Report
----------------------

Traffic source: Traffic from traffic database                     

Circuit-switched blocking probability:   1.00%

Circuit-switched average call duration:   1.76 minutes

Percent of total traffic carried by group: 100.00 %

          Circuit Traffic  Circuit Traffic   Number of    Channel  Current Blocking Packet Traffic
Sector ID   (mErlangs)    Required Channels Channels Set Shortfall Probability (%)  (average mbps)
--------- --------------- ----------------- ------------ --------- ---------------- --------------
ABAF0001     17510.15             29             32          -3          0.13         17.5102
ABAF0002      3317.52              9             16          -7          0.00          3.3175
ABAI0001     17878.84             30             32          -2          0.18         17.8788
ABAI0002      8164.95             17             24          -7          0.00          8.1650
ABAE0001      8762.13             17             24          -7          0.00          8.7621
ABAE0002      6293.39             14             16          -2          0.09          6.2934
ABAC0001     18838.45             31             32          -1          0.39         18.8385
ABAC0002     23906.13             37             40          -3          0.00         23.9061
ABAC0003     12986.31             23             24          -1          0.43         12.9863
ABAO0001      3674.79             10             16          -6          0.00          3.6748
ABAO0002       758.90              4              8          -4          0.00          0.7589
ABAV0001      2327.68              8              8           0          0.29          2.3277
ABAU0001       383.95              3              8          -5          0.00          0.3840
ABAU0002      2195.65              7              8          -1          0.21          2.1956
ABAQ0001      2642.82              8              8           0          0.63          2.6428
ABAQ0002      2615.63              8              8           0          0.59          2.6156
ABAM0001       731.84              4              8          -4          0.00          0.7318
ABAS0001      1613.82              6              8          -2          0.03          1.6138
ABAS0002      6986.54             15             16          -1          0.25          6.9865
ABBB0001       599.91              4              8          -4          0.00          0.5999
ABBB0002       476.93              4              8          -4          0.00          0.4769
ABAZ0001      2216.84              7              8          -1          0.22          2.2168
ABAT0001      1271.91              6              8          -2          0.01          1.2719
ABAT0002      3875.77             10             16          -6          0.00          3.8758
ABAR0001       845.90              5              8          -3          0.00          0.8459
ABAJ0001      4190.45             11             16          -5          0.00          4.1905
ABAJ0002     11354.05             21             24          -3          0.08         11.3541
ABBG0001       134.95              2              8          -6          0.00          0.1350
ABBG0002       185.98              3              8          -5          0.00          0.1860
ABAL0001       719.88              4              8          -4          0.00          0.7199
ABAY0001       161.98              3              8          -5          0.00          0.1620
ABAY0002       422.98              3              8          -5          0.00          0.4230
ABAY0003      2009.82              7              8          -1          0.12          2.0098
ABBF0001      1835.79              7              8          -1          0.07          1.8358
ABAB0001     17956.27             30             32          -2          0.19         17.9563
ABAB0002     18199.81             30             32          -2          0.23         18.1998
ABAB0003      2387.73              8              8           0          0.34          2.3877
ABAD0001      4313.60             11             16          -5          0.00          4.3136
ABAD0003      1424.70              6              8          -2          0.01          1.4247
ABAD0002      6884.66             15             16          -1          0.22          6.8847
ABAX0001      2126.83              7              8          -1          0.17          2.1268
ABBD0002       983.75              5              8          -3          0.00          0.9837
ABAP0001      3710.56             10             16          -6          0.00          3.7106
ABAP0002       227.96              3              8          -5          0.00          0.2280
ABAN0002      1235.82              5              8          -3          0.00          1.2358
ABAN0003      1964.82              7              8          -1          0.10          1.9648
ABBA0001       932.90              5              8          -3          0.00          0.9329
ABBA0002      2624.66              8             16          -8          0.00          2.6247
ABAK0001     10691.09             20             24          -4          0.03         10.6911
ABAG0001      7490.37             16             16           0          0.49          7.4904
ABAH0001      5531.62             13             16          -3          0.02          5.5316
ABAH0002      2228.85              7              8          -1          0.23          2.2289
ABBE0001      1952.78              7              8          -1          0.10          1.9528
ABAA0002      6142.61             14             16          -2          0.07          6.1426
ABBC0001       350.95              3              8          -5          0.00          0.3510
ABBC0002       143.98              2              8          -6          0.00          0.1440
ABAW0001      6572.35             14             16          -2          0.14          6.5723
