Traffic Loading Report
----------------------

Traffic source: Traffic from traffic database                     

Circuit-switched blocking probability:   1.00%

Circuit-switched average call duration:   1.76 minutes

Percent of total traffic carried by group: 100.00 %

          Circuit Traffic  Circuit Traffic   Number of    Channel  Current Blocking Packet Traffic
Sector ID   (mErlangs)    Required Channels Channels Set Shortfall Probability (%)  (average mbps)
--------- --------------- ----------------- ------------ --------- ---------------- --------------
ABAF0001     16940.15             28             32          -4          0.08         16.9402
ABAF0002      3464.51             10             16          -6          0.00          3.4645
ABAI0001     18661.70             31             32          -1          0.34         18.6617
ABAI0002     10435.83             20             24          -4          0.02         10.4358
ABAE0001      8258.22             17             24          -7          0.00          8.2582
ABAE0002      4697.55             11             16          -5          0.00          4.6976
ABAE0003      2741.78              8              8           0          0.78          2.7418
ABAC0001     18505.43             30             32          -2          0.30         18.5054
ABAC0002     23729.13             37             40          -3          0.00         23.7291
ABAC0003     13019.30             23             24          -1          0.44         13.0193
ABAO0001      3674.79             10             16          -6          0.00          3.6748
ABAO0002       758.90              4              8          -4          0.00          0.7589
ABAV0001      2327.68              8              8           0          0.29          2.3277
ABAU0001       383.95              3              8          -5          0.00          0.3840
ABAU0002      2195.65              7              8          -1          0.21          2.1956
ABAQ0001      2642.82              8              8           0          0.63          2.6428
ABAQ0002      2480.67              8              8           0          0.43          2.4807
ABAM0001       731.84              4              8          -4          0.00          0.7318
ABAS0001      1583.83              6              8          -2          0.03          1.5838
ABAS0002      6839.56             15             16          -1          0.20          6.8396
ABBB0001       599.91              4              8          -4          0.00          0.5999
ABBB0002       476.93              4              8          -4          0.00          0.4769
ABAZ0001      1628.88              6              8          -2          0.03          1.6289
ABAT0001      1271.91              6              8          -2          0.01          1.2719
ABAT0002      1766.91              7              8          -1          0.05          1.7669
ABAR0001       887.89              5              8          -3          0.00          0.8879
ABAJ0001      4247.42             11             16          -5          0.00          4.2474
ABAJ0002     11288.05             21             24          -3          0.07         11.2881
ABAL0001       719.88              4              8          -4          0.00          0.7199
ABAY0001       161.98              3              8          -5          0.00          0.1620
ABAY0002       929.97              5              8          -3          0.00          0.9300
ABAY0003      1208.86              5              8          -3          0.00          1.2089
ABBF0001      2195.77              7              8          -1          0.21          2.1958
ABAB0001     16852.38             28             32          -4          0.07         16.8524
ABAB0002     17218.94             29             32          -3          0.10         17.2189
ABAB0003      2387.73              8              8           0          0.34          2.3877
ABAD0001      4526.57             11             16          -5          0.00          4.5266
ABAD0003      1424.70              6              8          -2          0.01          1.4247
ABAD0002      7061.65             15             16          -1          0.28          7.0616
ABAX0001      1916.82              7              8          -1          0.09          1.9168
ABBD0002       983.75              5              8          -3          0.00          0.9837
ABAP0001      3665.57             10             16          -6          0.00          3.6656
ABAP0002       227.96              3              8          -5          0.00          0.2280
ABAN0002      2756.66              8              8           0          0.80          2.7567
ABAN0003      1889.83              7              8          -1          0.08          1.8898
ABBA0001       932.90              5              8          -3          0.00          0.9329
ABBA0002      2681.65              8              8           0          0.68          2.6816
ABAK0001     12082.99             22             24          -2          0.17         12.0830
ABAG0001      6854.41             15             16          -1          0.21          6.8544
ABAH0001      4775.68             12             16          -4          0.00          4.7757
ABAH0002      2330.84              8              8           0          0.30          2.3308
ABBE0001      1988.77              7              8          -1          0.11          1.9888
ABAA0002      6280.57             14             16          -2          0.09          6.2806
ABBC0001       350.95              3              8          -5          0.00          0.3510
ABBC0002       143.98              2              8          -6          0.00          0.1440
ABAW0001      7037.34             15             16          -1          0.27          7.0373
